camera_pose: [-0.158979,-0.04405,0.045074,0.,0.,0.]
focal_length: 277.191356
noise_position: 0.1
noise_orientation: 0.0

